Vector_pesos<-
c(58,120,123,104,121,111,91,104,128,133,118,86,134,132,68,121,122,115,106,115,92,115,94,98,107,124,138,138,125
,127,108,118,67,146,122,104,99,105,108,135,132,95,124,132,126,125,115,144,98,89,32,83,155,93,88,102,104,87,133,
121,140,112,105,85,89,122,98,88,104,112,138,128,100,94,108,137,89,103,22,135,96,127,112,116,115,110,119,108,12
4,115,161,124,141,113,85,101,109,109,110,64)

sort(Vector_pesos)
32 58 64 67 68 83 85 85 86 87 88 88 89 89 89 91 92 93 94 94 95 96 98 98 98 99 100 101 102 103 104 104
104 104 104 105 105 106 107 108 108 108 108 109 109 110 110 111 112 112 112 113 115 115 115 115 115 115 116
118 118 119 120 121 121 121 122 122 122 122 123 124 124 124 124 125 125 126 127 127 128 128 132 132 132 133
133 134 135 135 137 138 138 138 140 141 144 146 155 161

stem(Vector_pesos, scale=2)
